000000111100 00000 000 01000 0010011
000000111100 00000 000 01001 0010011
0000001 01001 01000 000 01001 0110011
000000011000 00000 000 01101 0010011
000000011111 00000 000 01110 0010011
000000001100 00000 000 01111 0010011

0000001 01101 01001 000 01010 0110011
0000001 01110 01010 000 01011 0110011
0000001 01111 01011 000 01100 0110011

000000000000 00000 000 00000 0010011

000000000001 00001 000 00001 0010011
0000001 01000 00001 110 00010 0110011

0000001 01000 00001 100 00011 0110011
0000001 01000 00011 110 00011 0110011

0000001 01001 00001 100 00100 0110011
0000001 01101 00100 110 00100 0110011

0000001 01010 00001 100 00101 0110011
0000001 01110 00101 110 00101 0110011

0000001 01011 00001 100 00110 0110011
0000001 01111 00110 110 00110 0110011

0000001 01100 00001 100 00111 0110011
11111111010111111111 10000 0110111
